  can1  495   [8]  03 01 FE 01 64 36 82 45
  can1  48B   [8]  01 01 FE 01 3F 02 D9 BC
  can1  715   [1]  00
  can1  095   [8]  61 62 01 00 00 00 00 00
  can1  20B   [4]  00 00 00 00
  can1  095   [8]  20 81 11 00 00 00 00 00
  can1  20B   [4]  01 00 00 00
  can1  20B   [4]  00 00 00 00
  can1  20B   [4]  01 00 00 00
  can1  20B   [4]  00 00 00 00
  can1  20B   [4]  01 00 00 00
  can1  20B   [4]  00 00 00 00
  can1  20B   [4]  01 00 00 00
  can1  20B   [4]  00 00 00 00
  can1  20B   [4]  01 00 00 00
  can1  70B   [1]  00
  can1  18B   [4]  00 00 00 00
  can1  08B   [8]  20 81 11 00 00 00 00 00
  can1  20B   [4]  00 00 00 00
  can1  18B   [4]  11 00 00 00
  can1  20B   [4]  01 00 00 00
  can1  18B   [4]  10 00 00 00
  can1  20B   [4]  00 00 00 00
  can1  18B   [4]  11 00 00 00
  can1  20B   [4]  11 00 00 00
  can1  18B   [4]  10 00 00 00
  can1  20B   [4]  10 00 00 00
  can1  18B   [4]  11 00 00 00
  can1  20B   [4]  11 00 00 00
  can1  18B   [4]  10 00 00 00
  can1  20B   [4]  10 00 00 00
  can1  18B   [4]  11 00 00 00
  can1  20B   [4]  11 00 00 00
  can1  18B   [4]  10 00 00 00
  can1  20B   [4]  10 00 00 00
  can1  18B   [4]  11 00 00 00
  can1  20B   [4]  11 00 00 00
  can1  18B   [4]  10 00 00 00
  can1  20B   [4]  10 00 00 00
  can1  18B   [4]  11 00 00 00
  can1  20B   [4]  11 00 00 00
  can1  18B   [4]  10 00 00 00
  can1  20B   [4]  10 00 00 00
  can1  18B   [4]  11 00 00 00
  can1  20B   [4]  11 00 00 00
  can1  18B   [4]  10 00 00 00
  can1  20B   [4]  10 00 00 00
  can1  18B   [4]  11 00 00 00
  can1  20B   [4]  11 00 00 00
  can1  18B   [4]  10 00 00 00
  can1  20B   [4]  10 00 00 00
  can1  18B   [4]  11 00 00 00